212.0
213.8
215.6
217.4
219.2
221.0
222.8
224.6
226.4
228.2
230.0
231.8
233.6
235.4
237.2
239.0
240.8
242.6
244.4
246.2
248.0
249.8
251.6
253.4
255.2
257.0
258.8
260.6
262.4
264.2
266.0
267.8
269.6
271.4
273.2
275.0
276.8
278.6
280.4
282.2
284.0
285.8
287.6
289.4
291.2
293.0
294.8
296.6
298.4
300.2
302.0
303.8
305.6
307.4
309.2
311.0
312.8
314.6
316.4
318.2
320.0
321.8
323.6
325.4
327.2
329.0
330.8
332.6
334.4
336.2
338.0
339.8
341.6
343.4
345.2
347.0
348.8
350.6
352.4
354.2
356.0
357.8
359.6
361.4
363.2
365.0
366.8
368.6
370.4
372.2
374.0
375.8
377.6
379.4
381.2
383.0
384.8
386.6
388.4
390.2
